60 120
60 87
60 821
60 535
60 562
60 79
60 229
60 143
60 233
60 395
60 274
60 104
60 364
60 202
60 133
60 418
60 401
60 157
60 118
60 136
60 516
60 635
60 841
60 388
60 99
60 382
60 382
60 239
60 349
60 206
60 151
60 62
60 116
60 496
60 74
60 237
60 591
60 101
60 540
60 501
60 1205
60 218
60 95
60 212
60 202
60 384
60 305
60 489
60 279
60 369
62 846
62 593
62 816
62 134
62 201
62 509
62 941
62 91
62 339
62 539
62 115
62 363
62 867
62 100
62 116
62 134
62 205
62 268
62 347
62 223
62 558
62 375
62 289
62 325
62 86
62 866
62 542
62 505
62 553
62 139
62 230
62 439
62 833
62 264
62 163
62 218
62 500
62 485
62 236
62 457
62 288
62 125
62 100
62 598
62 162
62 210
62 660
62 137
62 309
62 109
64 460
64 256
64 70
64 164
64 217
64 584
64 206
64 251
64 404
64 714
64 182
64 240
64 818
64 151
64 637
64 190
64 813
64 285
64 394
64 119
64 291
64 88
64 356
64 828
64 82
64 167
64 311
64 231
64 101
64 105
64 69
64 160
64 180
64 433
64 465
64 116
64 168
64 112
64 164
64 405
64 409
64 267
64 404
64 246
64 287
64 289
64 251
64 1192
64 223
64 1047
66 152
66 217
66 259
66 495
66 256
66 82
66 364
66 475
66 180
66 709
66 228
66 438
66 162
66 510
66 275
66 786
66 326
66 1462
66 161
66 118
66 1121
66 614
66 706
66 365
66 492
66 130
66 221
66 186
66 114
66 156
66 210
66 1221
66 1179
66 1042
66 474
66 1067
66 167
66 121
66 287
66 229
66 304
66 827
66 173
66 440
66 267
66 273
66 381
66 106
66 166
66 376
68 269
68 130
68 357
68 154
68 206
68 102
68 206
68 206
68 543
68 153
68 236
68 150
68 577
68 454
68 168
68 204
68 227
68 110
68 679
68 60
68 366
68 73
68 208
68 248
68 148
68 575
68 424
68 807
68 502
68 655
68 235
68 309
68 283
68 618
68 363
68 438
68 210
68 292
68 252
68 76
68 623
68 124
68 231
68 325
68 209
68 137
68 1766
68 960
68 365
68 214
70 289
70 295
70 206
70 522
70 882
70 274
70 264
70 430
70 591
70 531
70 791
70 411
70 481
70 504
70 190
70 1249
70 448
70 409
70 768
70 272
70 542
70 750
70 513
70 942
70 225
70 128
70 448
70 110
70 696
70 483
70 261
70 144
70 271
70 316
70 155
70 203
70 626
70 104
70 259
70 165
70 1067
70 397
70 95
70 201
70 312
70 510
70 613
70 136
70 939
70 631
72 824
72 919
72 576
72 216
72 144
72 199
72 162
72 347
72 898
72 328
72 292
72 449
72 334
72 208
72 923
72 178
72 517
72 469
72 754
72 452
72 276
72 215
72 209
72 600
72 290
72 426
72 953
72 392
72 962
72 882
72 346
72 821
72 107
72 178
72 126
72 1030
72 130
72 280
72 408
72 591
72 671
72 164
72 1323
72 423
72 850
72 466
72 84
72 327
72 165
72 426
74 1347
74 508
74 359
74 264
74 2384
74 216
74 352
74 389
74 450
74 188
74 429
74 1406
74 272
74 253
74 970
74 307
74 167
74 564
74 258
74 173
74 302
74 297
74 698
74 382
74 312
74 238
74 263
74 950
74 238
74 759
74 486
74 295
74 179
74 520
74 491
74 396
74 796
74 696
74 1472
74 548
74 105
74 579
74 199
74 1170
74 599
74 887
74 881
74 1121
74 323
74 396
76 646
76 223
76 116
76 323
76 604
76 507
76 1344
76 244
76 765
76 2617
76 1252
76 202
76 379
76 201
76 374
76 1167
76 271
76 705
76 947
76 936
76 125
76 681
76 151
76 543
76 750
76 1553
76 662
76 424
76 138
76 239
76 810
76 233
76 522
76 246
76 421
76 818
76 1314
76 2152
76 662
76 333
76 279
76 311
76 762
76 446
76 161
76 491
76 680
76 171
76 752
76 1869
78 281
78 392
78 742
78 196
78 528
78 617
78 209
78 249
78 154
78 193
78 462
78 1067
78 366
78 328
78 447
78 806
78 235
78 403
78 985
78 109
78 614
78 1335
78 334
78 377
78 653
78 986
78 254
78 1235
78 877
78 266
78 259
78 978
78 163
78 1249
78 1173
78 875
78 305
78 306
78 863
78 468
78 461
78 241
78 157
78 530
78 322
78 365
78 1555
78 705
78 978
78 415
80 535
80 369
80 222
80 398
80 687
80 564
80 1088
80 474
80 243
80 500
80 249
80 259
80 955
80 1129
80 1157
80 1109
80 296
80 929
80 1736
80 202
80 190
80 148
80 330
80 451
80 516
80 337
80 247
80 1289
80 202
80 637
80 192
80 533
80 860
80 606
80 443
80 342
80 357
80 424
80 1650
80 940
80 521
80 578
80 829
80 256
80 120
80 348
80 244
80 450
80 275
80 342
82 552
82 204
82 1620
82 514
82 919
82 337
82 241
82 135
82 299
82 228
82 820
82 134
82 254
82 285
82 831
82 408
82 458
82 811
82 946
82 588
82 557
82 260
82 520
82 166
82 439
82 414
82 212
82 533
82 515
82 179
82 564
82 1136
82 1187
82 697
82 286
82 1714
82 244
82 469
82 426
82 277
82 593
82 573
82 130
82 475
82 1386
82 184
82 765
82 380
82 250
82 230
84 497
84 604
84 1127
84 274
84 547
84 213
84 414
84 265
84 492
84 1171
84 1291
84 305
84 1045
84 594
84 505
84 2229
84 202
84 366
84 1719
84 391
84 622
84 1269
84 2036
84 856
84 1091
84 138
84 703
84 330
84 1108
84 759
84 394
84 346
84 147
84 103
84 671
84 715
84 314
84 336
84 162
84 164
84 348
84 1441
84 307
84 216
84 165
84 943
84 493
84 406
84 489
84 315
86 1810
86 308
86 915
86 143
86 329
86 1795
86 723
86 583
86 622
86 717
86 471
86 943
86 324
86 144
86 190
86 808
86 392
86 336
86 460
86 445
86 1052
86 647
86 1022
86 955
86 919
86 590
86 1531
86 2147
86 379
86 1311
86 2262
86 749
86 722
86 996
86 648
86 1231
86 641
86 2043
86 446
86 668
86 270
86 880
86 216
86 215
86 206
86 457
86 424
86 372
86 138
86 745
88 260
88 848
88 151
88 162
88 441
88 454
88 427
88 361
88 211
88 972
88 162
88 1191
88 467
88 1455
88 1481
88 259
88 478
88 172
88 1284
88 1699
88 1110
88 1345
88 995
88 411
88 898
88 206
88 1167
88 304
88 910
88 159
88 531
88 766
88 1006
88 367
88 212
88 371
88 425
88 362
88 705
88 177
88 1261
88 777
88 291
88 241
88 763
88 626
88 234
88 550
88 775
88 576
90 338
90 607
90 629
90 1373
90 1751
90 918
90 618
90 665
90 875
90 619
90 768
90 2107
90 1200
90 311
90 821
90 1653
90 1171
90 321
90 799
90 350
90 686
90 137
90 137
90 87
90 170
90 606
90 2539
90 1159
90 1303
90 358
90 395
90 259
90 1214
90 576
90 190
90 459
90 621
90 1330
90 830
90 1205
90 360
90 884
90 826
90 155
90 1402
90 848
90 1930
90 1458
90 1884
90 1318
92 737
92 288
92 1715
92 908
92 1259
92 1853
92 405
92 168
92 486
92 345
92 231
92 472
92 566
92 1330
92 844
92 671
92 314
92 396
92 201
92 2621
92 446
92 619
92 500
92 934
92 813
92 1323
92 166
92 504
92 332
92 2002
92 169
92 175
92 859
92 258
92 794
92 133
92 617
92 929
92 699
92 154
92 565
92 272
92 649
92 381
92 1203
92 1027
92 386
92 305
92 96
92 2830
94 1179
94 483
94 310
94 1090
94 1145
94 170
94 401
94 697
94 287
94 177
94 375
94 865
94 355
94 486
94 776
94 741
94 418
94 455
94 195
94 681
94 1069
94 1217
94 191
94 484
94 504
94 932
94 175
94 734
94 216
94 614
94 806
94 224
94 152
94 749
94 178
94 576
94 375
94 887
94 689
94 1523
94 618
94 867
94 329
94 506
94 154
94 508
94 240
94 235
94 1121
94 562
96 828
96 1482
96 1611
96 190
96 378
96 524
96 282
96 940
96 700
96 666
96 768
96 1458
96 696
96 805
96 917
96 799
96 202
96 723
96 275
96 605
96 314
96 333
96 3654
96 2530
96 1347
96 233
96 292
96 330
96 795
96 413
96 418
96 861
96 1096
96 546
96 181
96 1412
96 355
96 636
96 1781
96 921
96 633
96 1822
96 313
96 589
96 680
96 783
96 733
96 996
96 1246
96 565
98 361
98 894
98 309
98 476
98 1148
98 2315
98 1890
98 915
98 607
98 1320
98 180
98 1401
98 471
98 1136
98 2266
98 1991
98 1319
98 1744
98 433
98 1758
98 1408
98 215
98 1397
98 468
98 3739
98 3078
98 481
98 3228
98 658
98 177
98 1012
98 1092
98 2120
98 1138
98 837
98 424
98 1822
98 2027
98 761
98 511
98 640
98 198
98 777
98 321
98 306
98 523
98 1618
98 2989
98 491
98 1762
100 626
100 280
100 326
100 1104
100 1891
100 163
100 339
100 529
100 3177
100 690
100 989
100 460
100 187
100 359
100 2022
100 1364
100 566
100 784
100 286
100 446
100 186
100 254
100 1241
100 757
100 184
100 228
100 1819
100 1605
100 1068
100 304
100 305
100 768
100 476
100 140
100 424
100 709
100 2519
100 1001
100 539
100 466
100 1114
100 2337
100 201
100 759
100 1690
100 973
100 1388
100 380
100 539
100 413
102 1413
102 467
102 433
102 464
102 856
102 1158
102 394
102 467
102 1219
102 754
102 634
102 1016
102 834
102 168
102 530
102 415
102 698
102 615
102 561
102 1053
102 461
102 620
102 2741
102 175
102 1266
102 1210
102 717
102 1144
102 704
102 2846
102 391
102 1133
102 1752
102 1586
102 1415
102 1626
102 2225
102 642
102 1000
102 530
102 305
102 253
102 2843
102 2809
102 535
102 303
102 3413
102 882
102 308
102 764
104 370
104 460
104 474
104 145
104 1314
104 1138
104 873
104 326
104 276
104 1410
104 775
104 1270
104 1154
104 500
104 443
104 117
104 1933
104 349
104 1278
104 409
104 724
104 1594
104 1294
104 838
104 641
104 417
104 455
104 1726
104 403
104 1536
104 560
104 418
104 295
104 602
104 379
104 482
104 846
104 1343
104 960
104 836
104 666
104 245
104 654
104 947
104 1379
104 895
104 230
104 500
104 556
104 1386
106 1689
106 674
106 1685
106 435
106 499
106 1764
106 327
106 1352
106 3043
106 499
106 1584
106 392
106 805
106 293
106 857
106 1087
106 3273
106 1449
106 467
106 362
106 818
106 438
106 310
106 948
106 1427
106 710
106 870
106 790
106 529
106 708
106 888
106 2714
106 631
106 453
106 354
106 714
106 1015
106 609
106 681
106 208
106 136
106 499
106 266
106 2432
106 2213
106 659
106 585
106 430
106 1521
106 764
108 798
108 2602
108 487
108 389
108 2528
108 1295
108 651
108 410
108 325
108 1876
108 660
108 485
108 465
108 983
108 743
108 1619
108 610
108 761
108 459
108 283
108 1268
108 641
108 1153
108 556
108 767
108 2143
108 3091
108 3107
108 203
108 669
108 403
108 862
108 922
108 730
108 342
108 491
108 919
108 1579
108 1540
108 462
108 536
108 3133
108 850
108 1115
108 2494
108 1923
108 1430
108 5459
108 254
108 384
110 1433
110 833
110 542
110 1215
110 418
110 1962
110 1229
110 2338
110 624
110 328
110 442
110 563
110 841
110 2291
110 865
110 683
110 446
110 2393
110 420
110 1050
110 487
110 1164
110 571
110 884
110 666
110 369
110 343
110 177
110 833
110 3485
110 984
110 1136
110 1915
110 900
110 799
110 1136
110 2120
110 479
110 2042
110 458
110 1534
110 561
110 2245
110 2275
110 416
110 550
110 896
110 152
110 1733
110 949
112 298
112 477
112 393
112 1597
112 1436
112 1174
112 730
112 2387
112 726
112 680
112 657
112 2781
112 458
112 644
112 584
112 1262
112 463
112 596
112 1139
112 1197
112 628
112 271
112 1625
112 2101
112 593
112 211
112 2413
112 1074
112 455
112 991
112 358
112 1325
112 724
112 649
112 1108
112 581
112 1338
112 172
112 886
112 696
112 2351
112 1347
112 627
112 1587
112 464
112 900
112 1149
112 361
112 1369
112 1121
114 779
114 526
114 4539
114 372
114 1196
114 460
114 1032
114 1389
114 1349
114 1447
114 467
114 585
114 2315
114 291
114 236
114 563
114 2091
114 1287
114 366
114 2538
114 3175
114 2389
114 996
114 1184
114 759
114 323
114 891
114 1254
114 441
114 1445
114 740
114 2440
114 1640
114 770
114 426
114 1159
114 1436
114 1177
114 450
114 634
114 1100
114 1307
114 289
114 810
114 751
114 314
114 1005
114 210
114 443
114 280
116 455
116 632
116 875
116 1299
116 1012
116 606
116 1132
116 1493
116 334
116 1625
116 1199
116 480
116 1795
116 2838
116 998
116 640
116 572
116 182
116 2052
116 1365
116 469
116 1011
116 1794
116 1273
116 627
116 1453
116 478
116 268
116 346
116 231
116 2247
116 596
116 239
116 2581
116 467
116 1199
116 3058
116 1190
116 1594
116 975
116 233
116 849
116 525
116 1849
116 2531
116 2108
116 353
116 1075
116 1247
116 897
118 205
118 1522
118 420
118 915
118 1764
118 531
118 243
118 2729
118 1844
118 756
118 1751
118 391
118 2877
118 1177
118 372
118 898
118 2835
118 3472
118 1951
118 392
118 2981
118 2149
118 641
118 2098
118 876
118 1541
118 457
118 388
118 1976
118 3201
118 910
118 1413
118 485
118 1420
118 2229
118 7133
118 640
118 1049
118 683
118 687
118 806
118 1505
118 1385
118 611
118 2427
118 1541
118 3068
118 525
118 1237
118 1934
